[INITIAL_PARAMETERS]
lambda = 0.0906983393549567
gamma = 11.0530988801549661
delta = 0.0634630044682483
mu = -2.2413654287674789
rho = 0.5286754702975660
sigma = 0.5457619195960740
theta = 0.4177055908170345

[grid_config]
# define some grid parameters
Z_NUM = 15
P_NUM = 24
P_NEXT_NUM = 64
I_NUM = 61

N_FIRMS = 93750
N_YEAR = 58

[CONSTANTS]
rf = 0.02
tau_c = 0.1